1                18         1          0          0          400       
2                18         1          0          0          400  
3                18         1          0          0          400
4                18         1          0          0          400 
5                18         1          0          0          400 
6                18         1          0          0          400       
7                18         1          0          0          400       
8                18         1          0          0          400       
9                18         1          0          0          400 
10               18         1          0          0          400       
11               18         1          0          0          400       
12               18         1          0          0          400       
13               18         1          0          0          400       
14               18         1          0          0          400       
15               18         1          0          0          400       
16               18         1          0          0          400       
17               18         1          0          0          400       
18               18         1          0          0          400       
19               18         1          0          0          400       
20               18         1          0          0          400       
21               18         1          0          0          400       
22               18         1          0          0          400       
23               18         1          0          0          400       
24               18         1          0          0          400       
25               18         1          0          0          400       
26               18         1          0          0          400       
27               18         1          0          0          400       
28               18         1          0          0          400       
29               18         1          0          0          400       
30               18         1          0          0          400       
31               18         1          0          0          400       
32               18         1          0          0          400       
33               18         1          0          0          400       
34               18         1          0          0          400       
35               18         1          0          0          400       
36               18         1          0          0          400       
37               18         1          0          0          400       
38               18         1          0          0          400       
39               18         1          0          0          400       
40               18         1          0          0          400       
    