1                2                1                77.59      0.01       0          0          0          0         
2                3                2                65.96      0.01       0          0          0          0         
3                3                4                30.00      0.01       0          0          0          0         
4                4                5                42.57      0.01       0          0          0          0         
5                5                6                24.70      0.01       0          0          0          0         
6                6                7                17.50      0.01       0          0          0          0         
7                7                1                77.12      0.01       0          0          0          0         
8                15               3                72.00      0.01       0          0          0          0         
9                15               14               30.00      0.01       0          0          0          0         
10               14               4                75.00      0.01       0          0          0          0         
11               14               13               45.50      0.01       0          0          0          0         
12               13               5                70.00      0.01       0          0          0          0         
13               13               12               27.80      0.01       0          0          0          0         
14               12               6                70.00      0.01       0          0          0          0         
15               12               11               56.16      0.01       0          0          0          0         
16               11               10               33.72      0.01       0          0          0          0         
17               10               9                81.50      0.01       0          0          0          0         
18               8                9                115.92     0.01       0          0          0          0         
19               16               15               78.50      0.01       0          0          0          0         
20               16               11               77.18      0.01       0          0          0          0         
21               16               17               45.52      0.01       0          0          0          0         
22               17               10               85.17      0.01       0          0          0          0         
23               17               18               50.00      0.01       0          0          0          0         
24               18               19               85.50      0.01       0          0          0          0         
25               10               19               52.85      0.01       0          0          0          0         
26               18               20               65.29      0.01       0          0          0          0         
27               20               21               80.50      0.01       0          0          0          0         
28               19               21               60.00      0.01       0          0          0          0         
29               20               22               33.52      0.01       0          0          0          0         
30               22               23               79.82      0.01       0          0          0          0         
31               23               21               52.37      0.01       0          0          0          0         
32               22               24               55.41      0.01       0          0          0          0         
33               24               25               86.35      0.01       0          0          0          0         
34               25               26               55.78      0.01       0          0          0          0         
35               23               26               20.20      0.01       0          0          0          0         
36               24               27               52.34      0.01       0          0          0          0         
37               27               28               78.96      0.01       0          0          0          0         
38               28               25               25.89      0.01       0          0          0          0         
39               28               36               45.67      0.01       0          0          0          0         
40               7                8                62.89      0.01       0          0          0          0         
41               36               37               75.00      0.01       0          0          0          0         
42               37               26               48.98      0.01       0          0          0          0         
43               27               29               42.90      0.01       0          0          0          0         
44               29               30               60.00      0.01       0          0          0          0         
45               30               28               51.98      0.01       0          0          0          0         
46               33               30               40.00      0.01       0          0          0          0         
47               33               34               74.78      0.01       0          0          0          0         
48               34               35               65.80      0.01       0          0          0          0         
49               35               36               75.88      0.01       0          0          0          0         
50               35               40               43.85      0.01       0          0          0          0         
51               40               37               90.00      0.01       0          0          0          0         
52               39               40               35.98      0.01       0          0          0          0         
53               39               38               85.65      0.01       0          0          0          0         
54               38               37               30.89      0.01       0          0          0          0         
55               29               31               98.50      0.01       0          0          0          0         
56               32               31               67.80      0.01       0          0          0          0         
57               32               33               60.79      0.01       0          0          0          0         
58               2                41               15.00      0.01       0          0          0          0         
59               7                42               15.00        0.01       0          0          0          0         
60               9                43               15.00        0.01       0          0          0          0         
61               10               44               15.00        0.01       0          0          0          0         
62               19               45               15.00        0.01       0          0          0          0         
63               21               46               15.00      0.01       0          0          0          0         
64               23               47               15.00        0.01       0          0          0          0         
65               37               48               15.00        0.01       0          0          0          0 