49               103.81     11.44      2.75       7          0         
50               103.81     11.44      2.75       7          0         
51               103.81     11.44      2.75       7          0         
52               103.81     11.44      2.75       7          0         
53               103.81     11.44      2.75       7          0         
54               103.81     11.44      2.75       7          0         
55               103.81     11.44      2.75       7          0         
56               103.81     11.44      2.75       7          0         
57               103.81     11.44      2.75       7          0         
58               103.81     11.44      2.75       7          0         
59               103.81     11.44      2.75       7          0         
60               103.81     11.44      2.75       7          0         
61               103.81     11.44      2.75       7          0         
62               103.81     11.44      2.75       7          0         
63               103.81     11.44      2.75       7          0         
64               103.81     11.44      2.75       7          0         
65               103.81     11.44      2.75       7          0         
66               103.81     11.44      2.75       7          0