49               1                46               0.5535   95       55.35    0.5      0                        
50               1                46               1.0385   70       103.85   0.5      0                        
51               1                46               0.1886   95       28.85    0.5      0                        
52               1                46               0.2807   95       28.07    0.5      0                        
53               1                46               0.2382   95       23.82    0.5      0                        
54               1                46               0.5524   95       55.24    0.5      0                        
55               1                46               0.2643   95       26.43    0.5      0                        
56               1                46               0.3693   95       36.93    0.5      0                        
57               1                46               0.3761   95       37.61    0.5      0                        
58               1                46               0.2070   95       20.70    0.5      0                        
59               1                46               0.4048   95       40.48    0.5      0                        
60               1                46               0.3387   95       33.87    0.5      0                        
61               1                46               0.2874   95       28.74    0.5      0                        
62               1                46               0.6003   95       60.03    0.5      0                        
63               1                46               0.2423   95       24.23    0.5      0                        
64               1                46               0.3606   95       36.06    0.5      0                        
65               1                46               0.2571   30       25.71    0.5      0                        
66               1                46               0.3292   95       32.92    0.5      0