1                2066.479           8068.694          
2                1055.781           7004.505          
3                1973.573           6154.279          
4                2463.438           6585.023          
5                3003.979           7066.441          
6                3426.276           7440.878          
7                3682.470           7685.811          
8                4570.702           8333.333          
9                6096.603           6869.369          
10               5792.549           5439.189          
11               5244.970           5720.721          
12               4453.866           6424.550          
13               4062.537           6038.851          
14               3516.366           5515.203          
15               3110.961           5121.059          
16               4366.591           4422.860          
17               5130.984           3975.225          
18               6012.143           3614.865          
19               6603.359           5050.676          
20               7250.882           3412.162          
21               7507.110           4842.342          
22               7825.206           3277.027          
23               8382.639           4639.640          
24               8551.558           2939.189          
25               9407.413           4110.360          
26               8633.236           4515.766          
27               9520.026           2398.649          
28               9824.080           3828.829          
29               10229.486          2246.622          
30               10724.981          3384.009          
31               11974.981          2167.793          
32               12065.071          3547.297          
33               10961.468          3924.550          
34               11552.684          5045.045          
35               10634.891          5585.586          
36               10156.287          4481.982          
37               9114.621           5106.982          
38               8669.801           5456.081          
39               9615.747           6480.856          
40               10096.657          6154.279          
41               626.479            7331.081          
42               3788.943           8074.324          
43               6345.249           7162.162          
44               6072.164           5551.802          
45               6702.795           5326.577          
46               7550.204           5112.613          
47               8414.506           4960.586          
48               8724.191           5129.505 