49               0.024      0.15       2.1        6.51       30    
50               0.024      0.15       2.1        6.51       30    
51               0.024      0.15       2.1        6.51       30    
52               0.024      0.15       2.1        6.51       30    
53               0.024      0.15       2.1        6.51       30    
54               0.024      0.15       2.1        6.51       30    
55               0.024      0.15       2.1        6.51       30    
56               0.024      0.15       2.1        6.51       30   
57               0.024      0.15       2.1        6.51       30    
58               0.024      0.15       2.1        6.51       30    
59               0.024      0.15       2.1        6.51       30    
60               0.024      0.15       2.1        6.51       30   
61               0.024      0.15       2.1        6.51       30    
62               0.024      0.15       2.1        6.51       30   
63               0.024      0.15       2.1        6.51       30   
64               0.024      0.15       2.1        6.51       30    
65               0.024      0.15       2.1        6.51       30   
66               0.024      0.15       2.1        6.51       30  